7
0 633 257 91 412 150 80
633 0 390 661 227 488 572
257 390 0 228 169 112 196
91 661 228 0 383 120 77
412 227 169 383 0 267 351
150 488 112 120 267 0 63
80 572 196 77 351 63 0