16
0 388 241 633 797 129 850 680 176 854 960 184 935 106 377 873 
388 0 305 770 283 179 879 361 565 997 482 361 584 809 506 646 
241 305 0 102 433 560 509 862 434 987 486 451 162 492 145 639 
633 770 102 0 925 518 961 544 512 194 737 359 510 419 171 907 
797 283 433 925 0 601 806 704 729 124 279 844 776 433 438 417 
129 179 560 518 601 0 258 741 739 922 283 233 989 401 294 940 
850 879 509 961 806 258 0 436 221 553 537 745 887 899 321 154 
680 361 862 544 704 741 436 0 450 554 960 650 175 281 786 287 
176 565 434 512 729 739 221 450 0 820 449 277 737 845 802 962 
854 997 987 194 124 922 553 554 820 0 831 164 399 744 742 938 
960 482 486 737 279 283 537 960 449 831 0 750 934 426 933 734 
184 361 451 359 844 233 745 650 277 164 750 0 771 491 726 896 
935 584 162 510 776 989 887 175 737 399 934 771 0 756 106 791 
106 809 492 419 433 401 899 281 845 744 426 491 756 0 801 607 
377 506 145 171 438 294 321 786 802 742 933 726 106 801 0 555 
873 646 639 907 417 940 154 287 962 938 734 896 791 607 555 0 
