16
0 280 173 554 476 778 683 256 352 598 182 315 626 480 615 957 
280 0 745 124 134 755 170 683 109 439 748 485 446 809 936 945 
173 745 0 487 185 256 517 459 940 521 937 379 994 210 636 441 
554 124 487 0 422 411 487 897 610 405 995 615 506 571 956 788 
476 134 185 422 0 688 711 296 195 110 980 492 486 914 145 557 
778 755 256 411 688 0 965 279 830 629 144 254 291 493 274 600 
683 170 517 487 711 965 0 841 225 528 391 727 930 885 238 761 
256 683 459 897 296 279 841 0 411 178 252 193 689 750 670 781 
352 109 940 610 195 830 225 411 0 791 987 952 558 193 877 565 
598 439 521 405 110 629 528 178 791 0 153 197 534 392 948 580 
182 748 937 995 980 144 391 252 987 153 0 828 243 272 294 808 
315 485 379 615 492 254 727 193 952 197 828 0 981 756 160 155 
626 446 994 506 486 291 930 689 558 534 243 981 0 969 878 673 
480 809 210 571 914 493 885 750 193 392 272 756 969 0 255 168 
615 936 636 956 145 274 238 670 877 948 294 160 878 255 0 310 
957 945 441 788 557 600 761 781 565 580 808 155 673 168 310 0 
