16
0 393 641 680 524 279 172 681 401 432 878 447 137 373 471 756 
393 0 954 405 561 873 978 286 970 206 438 182 604 375 982 827 
641 954 0 394 704 944 596 836 182 987 140 204 986 677 994 529 
680 405 394 0 981 545 246 456 435 374 465 859 806 287 801 280 
524 561 704 981 0 406 410 887 691 993 423 626 691 380 748 384 
279 873 944 545 406 0 504 105 577 142 317 343 365 626 368 192 
172 978 596 246 410 504 0 821 103 942 896 951 790 896 586 477 
681 286 836 456 887 105 821 0 960 279 681 207 660 848 483 241 
401 970 182 435 691 577 103 960 0 653 884 133 814 213 343 830 
432 206 987 374 993 142 942 279 653 0 855 840 205 831 740 301 
878 438 140 465 423 317 896 681 884 855 0 854 156 962 873 153 
447 182 204 859 626 343 951 207 133 840 854 0 659 362 192 819 
137 604 986 806 691 365 790 660 814 205 156 659 0 745 602 533 
373 375 677 287 380 626 896 848 213 831 962 362 745 0 963 475 
471 982 994 801 748 368 586 483 343 740 873 192 602 963 0 139 
756 827 529 280 384 192 477 241 830 301 153 819 533 475 139 0 
